# unix_time, cycles_done, cur_path, paths_total, pending_total, pending_favs, map_size, unique_crashes, unique_hangs, max_depth, execs_per_sec
1624790842, 0, 0, 36, 36, 4, 25.41%, 0, 0, 2, 2065.86, 10178
1624790847, 0, 0, 39, 39, 4, 25.41%, 0, 0, 2, 1968.76, 20004
1624790852, 0, 8, 40, 34, 1, 25.41%, 0, 0, 3, 2306.18, 31161
1624790857, 0, 28, 44, 37, 0, 25.41%, 0, 0, 3, 3055.22, 47130
1624790862, 0, 14, 44, 37, 0, 25.41%, 0, 0, 3, 2503.66, 58916
1624790867, 1, 8, 44, 37, 0, 25.41%, 0, 0, 3, 2395.96, 71065
1624790873, 1, 8, 45, 38, 0, 25.41%, 0, 0, 3, 2396.47, 83266
1624790878, 1, 8, 46, 39, 0, 25.41%, 0, 0, 3, 2388.17, 95926
1624790883, 2, 8, 46, 39, 0, 25.41%, 0, 0, 3, 2351.25, 107838
1624790888, 2, 0, 46, 39, 0, 25.41%, 0, 0, 3, 2388.97, 120156
1624790893, 2, 8, 46, 38, 0, 25.41%, 0, 0, 3, 2499.92, 132803
1624790898, 3, 8, 47, 39, 0, 25.41%, 0, 0, 3, 2514.53, 146335
1624790903, 3, 8, 47, 39, 0, 25.41%, 0, 0, 3, 2531.52, 159435
1624790908, 3, 8, 48, 39, 0, 25.41%, 0, 0, 3, 2564.80, 172862
1624790913, 4, 8, 49, 40, 0, 25.41%, 0, 0, 3, 2625.05, 186033
1624790918, 4, 8, 49, 40, 0, 25.41%, 0, 0, 3, 2721.73, 200011
1624790923, 4, 8, 49, 39, 0, 25.41%, 0, 0, 3, 2636.52, 212647
1624790928, 4, 0, 49, 38, 0, 25.41%, 0, 0, 3, 2860.93, 227671
1624790933, 5, 8, 49, 38, 0, 25.41%, 0, 0, 3, 2659.40, 240453
1624790938, 5, 8, 49, 38, 0, 25.41%, 0, 0, 3, 2461.42, 252386
1624790944, 5, 8, 49, 37, 0, 25.41%, 0, 0, 3, 2719.48, 266778
1624790949, 6, 8, 49, 37, 0, 25.41%, 0, 0, 3, 2876.77, 281181
1624790954, 6, 8, 49, 37, 0, 25.41%, 0, 0, 3, 2434.22, 293025
1624790959, 6, 8, 49, 37, 0, 25.41%, 0, 0, 3, 2435.68, 305605
1624790964, 7, 8, 49, 37, 0, 25.41%, 0, 0, 3, 2567.19, 318705
1624790969, 7, 8, 49, 37, 0, 25.41%, 0, 0, 3, 2596.74, 331729
1624790974, 7, 8, 49, 37, 0, 25.41%, 0, 0, 3, 2788.43, 346588
1624790979, 8, 8, 49, 37, 0, 25.41%, 0, 0, 3, 2879.45, 361598
1624790984, 8, 14, 49, 36, 0, 25.41%, 0, 0, 3, 3173.56, 377934
1624790989, 9, 8, 49, 35, 0, 25.41%, 0, 0, 3, 3121.82, 394828
1624790994, 9, 0, 49, 35, 0, 25.41%, 0, 0, 3, 3243.80, 411329
1624791000, 9, 8, 49, 35, 0, 25.41%, 0, 0, 3, 2925.71, 425614
1624791005, 10, 8, 49, 35, 0, 25.41%, 0, 0, 3, 3024.29, 441834
1624791010, 10, 8, 49, 35, 0, 25.41%, 0, 0, 3, 3031.29, 457483
1624791015, 10, 8, 49, 35, 0, 25.41%, 0, 0, 3, 3169.34, 473530
1624791020, 11, 8, 49, 34, 0, 25.41%, 0, 0, 3, 2881.34, 488034
1624791025, 11, 8, 49, 34, 0, 25.41%, 0, 0, 3, 2869.26, 502872
1624791030, 11, 8, 49, 34, 0, 25.41%, 0, 0, 3, 3071.59, 518784
1624791035, 12, 8, 49, 34, 0, 25.41%, 0, 0, 3, 2893.53, 533427
1624791040, 12, 8, 49, 34, 0, 25.41%, 0, 0, 3, 2815.32, 547566
1624791045, 13, 8, 49, 34, 0, 25.41%, 0, 0, 3, 2907.05, 562333
1624791050, 13, 1, 49, 34, 0, 25.41%, 0, 0, 3, 2762.81, 576308
1624791056, 13, 8, 49, 34, 0, 25.41%, 0, 0, 3, 2992.25, 591436
1624791061, 14, 28, 49, 34, 0, 25.41%, 0, 0, 3, 3049.24, 606897
1624791066, 14, 0, 49, 34, 0, 25.41%, 0, 0, 3, 2945.35, 621547
1624791071, 14, 8, 49, 34, 0, 25.41%, 0, 0, 3, 2930.00, 636260
1624791076, 15, 8, 49, 34, 0, 25.41%, 0, 0, 3, 2870.13, 650624
1624791081, 15, 8, 49, 34, 0, 25.41%, 0, 0, 3, 2873.45, 665223
1624791086, 16, 8, 49, 34, 0, 25.41%, 0, 0, 3, 3059.74, 680780
1624791091, 16, 8, 49, 34, 0, 25.41%, 0, 0, 3, 3028.15, 695820
1624791096, 16, 14, 49, 33, 0, 25.41%, 0, 0, 3, 2838.17, 710318
1624791101, 17, 0, 49, 32, 0, 25.41%, 0, 0, 3, 2887.68, 725044
1624791106, 17, 8, 49, 32, 0, 25.41%, 0, 0, 3, 2857.17, 739877
1624791111, 18, 14, 49, 32, 0, 25.41%, 0, 0, 3, 2793.79, 754469
1624791116, 18, 45, 49, 31, 0, 25.41%, 0, 0, 3, 3138.16, 770729
1624791121, 18, 8, 49, 30, 0, 25.41%, 0, 0, 3, 3152.09, 786549
1624791126, 19, 8, 49, 30, 0, 25.41%, 0, 0, 3, 3002.83, 801365
1624791132, 19, 8, 49, 30, 0, 25.41%, 0, 0, 3, 2873.49, 815641
1624791137, 20, 14, 49, 30, 0, 25.41%, 0, 0, 3, 2820.27, 830054
1624791142, 20, 0, 49, 30, 0, 25.41%, 0, 0, 3, 2743.00, 843994
1624791147, 20, 8, 49, 30, 0, 25.41%, 0, 0, 3, 3052.13, 859856
1624791152, 21, 0, 49, 30, 0, 25.41%, 0, 0, 3, 3029.14, 875267
1624791157, 21, 8, 49, 30, 0, 25.41%, 0, 0, 3, 2935.67, 889708
1624791162, 22, 41, 49, 30, 0, 25.41%, 0, 0, 3, 3053.30, 904778
1624791167, 22, 8, 49, 29, 0, 25.41%, 0, 0, 3, 3004.44, 920713
1624791172, 22, 20, 49, 29, 0, 25.41%, 0, 0, 3, 3052.95, 935700
1624791177, 23, 8, 49, 29, 0, 25.41%, 0, 0, 3, 2977.88, 951587
1624791183, 23, 8, 49, 29, 0, 25.41%, 0, 0, 3, 2874.39, 965977
1624791188, 24, 8, 49, 29, 0, 25.41%, 0, 0, 3, 2883.57, 980554
1624791193, 24, 8, 49, 29, 0, 25.41%, 0, 0, 3, 2987.52, 995832
1624791198, 24, 8, 49, 29, 0, 25.41%, 0, 0, 3, 2983.23, 1010848
1624791203, 25, 0, 49, 29, 0, 25.41%, 0, 0, 3, 2938.42, 1026170
1624791208, 25, 28, 49, 29, 0, 25.41%, 0, 0, 3, 3040.78, 1040883
1624791213, 26, 8, 49, 29, 0, 25.41%, 0, 0, 3, 2953.58, 1055740
1624791218, 26, 14, 49, 29, 0, 25.41%, 0, 0, 3, 2987.68, 1070797
1624791223, 26, 8, 49, 29, 0, 25.41%, 0, 0, 3, 3064.90, 1086275
1624791228, 27, 8, 49, 29, 0, 25.41%, 0, 0, 3, 2994.41, 1101527
1624791233, 27, 8, 49, 29, 0, 25.41%, 0, 0, 3, 2895.53, 1116024
1624791238, 28, 0, 49, 29, 0, 25.41%, 0, 0, 3, 3039.00, 1131639
1624791243, 28, 8, 49, 29, 0, 25.41%, 0, 0, 3, 2905.67, 1146419
1624791248, 28, 8, 49, 29, 0, 25.41%, 0, 0, 3, 3053.27, 1161807
1624791253, 29, 0, 49, 29, 0, 25.41%, 0, 0, 3, 3203.04, 1177215
1624791258, 29, 0, 49, 29, 0, 25.41%, 0, 0, 3, 2862.61, 1191241
1624791263, 30, 28, 49, 28, 0, 25.41%, 0, 0, 3, 3081.17, 1206940
1624791268, 30, 22, 49, 28, 0, 25.41%, 0, 0, 3, 3101.17, 1222538
1624791273, 30, 8, 49, 28, 0, 25.41%, 0, 0, 3, 3034.45, 1237870
1624791278, 31, 6, 49, 28, 0, 25.41%, 0, 0, 3, 3085.80, 1253495
1624791283, 31, 8, 49, 27, 0, 25.41%, 0, 0, 3, 2919.33, 1268665
1624791289, 31, 8, 49, 27, 0, 25.41%, 0, 0, 3, 2747.36, 1282189
1624791294, 32, 8, 49, 27, 0, 25.41%, 0, 0, 3, 2853.72, 1296661
1624791299, 32, 8, 49, 27, 0, 25.41%, 0, 0, 3, 2825.77, 1310841
1624791304, 33, 8, 49, 27, 0, 25.41%, 0, 0, 3, 2948.31, 1325860
1624791309, 33, 0, 49, 27, 0, 25.41%, 0, 0, 3, 2783.48, 1339808
1624791314, 33, 8, 49, 26, 0, 25.41%, 0, 0, 3, 2881.31, 1354090
1624791319, 34, 1, 49, 26, 0, 25.41%, 0, 0, 3, 2951.88, 1368974
1624791324, 34, 8, 49, 26, 0, 25.41%, 0, 0, 3, 2879.14, 1383976
1624791329, 35, 6, 49, 26, 0, 25.41%, 0, 0, 3, 2898.78, 1398809
1624791334, 35, 0, 49, 26, 0, 25.41%, 0, 0, 3, 3071.60, 1414287
1624791339, 35, 14, 49, 26, 0, 25.41%, 0, 0, 3, 2874.32, 1428684
1624791344, 36, 8, 49, 26, 0, 25.41%, 0, 0, 3, 2967.84, 1444372
1624791349, 36, 8, 49, 26, 0, 25.41%, 0, 0, 3, 2788.74, 1458284
1624791354, 37, 28, 49, 26, 0, 25.41%, 0, 0, 3, 3133.08, 1474234
1624791359, 37, 8, 49, 26, 0, 25.41%, 0, 0, 3, 3013.69, 1489695
1624791365, 37, 0, 49, 26, 0, 25.41%, 0, 0, 3, 2808.97, 1504117
1624791370, 38, 8, 49, 26, 0, 25.41%, 0, 0, 3, 2876.94, 1518468
1624791375, 38, 8, 49, 26, 0, 25.41%, 0, 0, 3, 3023.02, 1533917
1624791380, 39, 8, 49, 26, 0, 25.41%, 0, 0, 3, 2861.06, 1548122
1624791385, 39, 26, 49, 26, 0, 25.41%, 0, 0, 3, 2967.99, 1562680
1624791390, 39, 8, 49, 26, 0, 25.41%, 0, 0, 3, 3062.26, 1578861
1624791395, 40, 8, 49, 26, 0, 25.41%, 0, 0, 3, 2864.04, 1593049
1624791400, 40, 8, 49, 26, 0, 25.41%, 0, 0, 3, 2957.73, 1608547
1624791405, 40, 0, 49, 26, 0, 25.41%, 0, 0, 3, 2915.11, 1623268
1624791410, 41, 21, 49, 26, 0, 25.41%, 0, 0, 3, 2888.65, 1637663
1624791415, 41, 8, 49, 26, 0, 25.41%, 0, 0, 3, 2954.38, 1652696
1624791420, 42, 8, 49, 26, 0, 25.41%, 0, 0, 3, 2872.87, 1667130
1624791425, 42, 8, 49, 26, 0, 25.41%, 0, 0, 3, 2887.13, 1681629
1624791430, 43, 8, 49, 26, 0, 25.41%, 0, 0, 3, 3145.63, 1698214
1624791435, 43, 8, 49, 26, 0, 25.41%, 0, 0, 3, 3064.43, 1713090
1624791440, 43, 8, 51, 28, 0, 25.41%, 0, 0, 3, 2732.77, 1726554
1624791445, 44, 8, 51, 28, 0, 25.41%, 0, 0, 3, 2916.77, 1741551
1624791451, 44, 6, 51, 28, 0, 25.41%, 0, 0, 3, 3003.11, 1757147
1624791456, 44, 0, 51, 28, 0, 25.41%, 0, 0, 3, 2882.91, 1771790
1624791461, 45, 8, 52, 29, 0, 25.41%, 0, 0, 3, 2978.90, 1787067
1624791466, 45, 8, 52, 29, 0, 25.41%, 0, 0, 3, 2905.71, 1801566
1624791471, 46, 8, 52, 29, 0, 25.41%, 0, 0, 3, 2954.64, 1817025
1624791476, 46, 37, 52, 29, 0, 25.41%, 0, 0, 3, 3181.76, 1832385
1624791481, 46, 8, 52, 29, 0, 25.41%, 0, 0, 3, 2910.98, 1846610
1624791486, 47, 0, 53, 30, 0, 25.41%, 0, 0, 3, 2892.76, 1861186
1624791491, 47, 14, 53, 30, 0, 25.41%, 0, 0, 3, 2896.58, 1875660
1624791496, 47, 6, 53, 30, 0, 25.41%, 0, 0, 3, 3086.44, 1891177
1624791501, 48, 8, 53, 30, 0, 25.41%, 0, 0, 3, 2945.62, 1906481
1624791506, 48, 8, 53, 30, 0, 25.41%, 0, 0, 3, 3032.35, 1921863
1624791511, 48, 8, 53, 30, 0, 25.41%, 0, 0, 3, 3038.44, 1936931
1624791516, 49, 8, 53, 30, 0, 25.41%, 0, 0, 3, 3023.20, 1952296
1624791521, 49, 33, 53, 30, 0, 25.41%, 0, 0, 3, 3251.86, 1969253
1624791527, 49, 0, 53, 30, 0, 25.41%, 0, 0, 3, 2959.93, 1984152
1624791532, 50, 8, 53, 30, 0, 25.41%, 0, 0, 3, 2917.45, 1999526
1624791537, 50, 0, 53, 30, 0, 25.41%, 0, 0, 3, 2945.38, 2014665
1624791542, 50, 8, 53, 30, 0, 25.41%, 0, 0, 3, 3052.99, 2029815
1624791547, 51, 1, 53, 30, 0, 25.41%, 0, 0, 3, 2908.71, 2044105
1624791552, 51, 8, 53, 30, 0, 25.41%, 0, 0, 3, 3031.16, 2059571
1624791557, 52, 8, 53, 30, 0, 25.41%, 0, 0, 3, 2964.52, 2074309
1624791562, 52, 8, 53, 30, 0, 25.41%, 0, 0, 3, 2888.36, 2089027
1624791567, 52, 8, 53, 30, 0, 25.41%, 0, 0, 3, 3001.65, 2105045
1624791572, 53, 8, 53, 30, 0, 25.41%, 0, 0, 3, 3085.80, 2120534
1624791577, 53, 0, 53, 30, 0, 25.41%, 0, 0, 3, 2936.97, 2135439
1624791582, 53, 28, 53, 30, 0, 25.41%, 0, 0, 3, 3050.61, 2150648
1624791587, 54, 8, 53, 30, 0, 25.41%, 0, 0, 3, 3131.21, 2166249
1624791592, 54, 8, 53, 30, 0, 25.41%, 0, 0, 3, 3031.23, 2181154
1624791597, 55, 28, 53, 30, 0, 25.41%, 0, 0, 3, 3131.07, 2196952
1624791603, 55, 8, 53, 30, 0, 25.41%, 0, 0, 3, 3110.99, 2212836
1624791608, 55, 6, 53, 30, 0, 25.41%, 0, 0, 3, 3090.62, 2228236
1624791613, 56, 0, 53, 30, 0, 25.41%, 0, 0, 3, 2850.78, 2242893
1624791618, 56, 5, 53, 30, 0, 25.41%, 0, 0, 3, 2943.47, 2258109
1624791623, 56, 8, 53, 30, 0, 25.41%, 0, 0, 3, 2921.78, 2273203
1624791628, 57, 6, 53, 30, 0, 25.41%, 0, 0, 3, 3065.62, 2288725
1624791633, 57, 0, 53, 30, 0, 25.41%, 0, 0, 3, 3014.35, 2304036
1624791638, 58, 8, 53, 30, 0, 25.41%, 0, 0, 3, 2978.01, 2318778
1624791643, 58, 8, 53, 30, 0, 25.41%, 0, 0, 3, 2904.62, 2332965
1624791648, 58, 8, 53, 30, 0, 25.41%, 0, 0, 3, 3018.93, 2348122
1624791653, 59, 8, 53, 30, 0, 25.41%, 0, 0, 3, 3007.37, 2363674
1624791658, 59, 8, 53, 30, 0, 25.41%, 0, 0, 3, 3054.90, 2379393
1624791663, 59, 28, 53, 30, 0, 25.41%, 0, 0, 3, 3163.16, 2394902
1624791669, 60, 0, 53, 30, 0, 25.41%, 0, 0, 3, 3036.95, 2411132
1624791674, 60, 8, 53, 30, 0, 25.41%, 0, 0, 3, 3015.00, 2426507
1624791679, 60, 28, 53, 30, 0, 25.41%, 0, 0, 3, 3109.00, 2442102
1624791684, 61, 8, 53, 30, 0, 25.41%, 0, 0, 3, 3097.13, 2458304
1624791689, 61, 8, 53, 30, 0, 25.41%, 0, 0, 3, 3054.69, 2473526
1624791694, 62, 0, 53, 30, 0, 25.41%, 0, 0, 3, 3107.88, 2488947
1624791699, 62, 8, 53, 30, 0, 25.41%, 0, 0, 3, 3142.44, 2505427
1624791704, 62, 8, 53, 29, 0, 25.41%, 0, 0, 3, 3139.79, 2521385
1624791709, 63, 0, 53, 29, 0, 25.41%, 0, 0, 3, 3138.92, 2537761
1624791714, 63, 8, 53, 29, 0, 25.41%, 0, 0, 3, 3254.66, 2553902
1624791720, 64, 8, 53, 29, 0, 25.41%, 0, 0, 3, 3050.69, 2569306
1624791725, 64, 8, 53, 29, 0, 25.41%, 0, 0, 3, 3084.65, 2584664
1624791730, 64, 8, 53, 29, 0, 25.41%, 0, 0, 3, 3150.87, 2600315
1624791735, 65, 8, 53, 29, 0, 25.41%, 0, 0, 3, 3039.31, 2615358
1624791740, 65, 8, 53, 29, 0, 25.41%, 0, 0, 3, 3065.58, 2631027
1624791745, 65, 8, 53, 29, 0, 25.41%, 0, 0, 3, 3049.28, 2646044
1624791750, 66, 14, 53, 29, 0, 25.41%, 0, 0, 3, 3003.94, 2661000
1624791755, 66, 0, 53, 29, 0, 25.41%, 0, 0, 3, 3044.67, 2676961
1624791760, 67, 28, 53, 29, 0, 25.41%, 0, 0, 3, 3102.12, 2692698
1624791765, 67, 28, 53, 28, 0, 25.41%, 0, 0, 3, 3181.49, 2708928
1624791770, 67, 14, 53, 28, 0, 25.41%, 0, 0, 3, 3197.99, 2725093
1624791775, 68, 8, 53, 28, 0, 25.41%, 0, 0, 3, 3083.05, 2740476
1624791780, 68, 8, 53, 28, 0, 25.41%, 0, 0, 3, 3168.26, 2756294
1624791785, 69, 8, 53, 28, 0, 25.41%, 0, 0, 3, 3068.51, 2772239
1624791790, 69, 14, 53, 28, 0, 25.41%, 0, 0, 3, 3013.80, 2787878
1624791795, 69, 8, 53, 28, 0, 25.41%, 0, 0, 3, 2923.98, 2802493
1624791800, 70, 8, 53, 28, 0, 25.41%, 0, 0, 3, 3189.67, 2818571
1624791805, 70, 0, 53, 28, 0, 25.41%, 0, 0, 3, 3033.05, 2833827
1624791810, 70, 28, 53, 28, 0, 25.41%, 0, 0, 3, 3166.49, 2849612
1624791816, 71, 28, 53, 28, 0, 25.41%, 0, 0, 3, 3220.56, 2866334
1624791821, 71, 28, 53, 28, 0, 25.41%, 0, 0, 3, 3304.08, 2882830
1624791826, 72, 6, 53, 28, 0, 25.41%, 0, 0, 3, 3051.00, 2898425
1624791831, 72, 14, 53, 28, 0, 25.41%, 0, 0, 3, 3085.73, 2914648
1624791836, 72, 14, 53, 28, 0, 25.41%, 0, 0, 3, 3033.78, 2929910
1624791841, 73, 8, 53, 28, 0, 25.41%, 0, 0, 3, 3251.69, 2945899
1624791846, 73, 41, 53, 28, 0, 25.41%, 0, 0, 3, 3547.18, 2962986
1624791851, 73, 8, 53, 28, 0, 25.41%, 0, 0, 3, 3200.48, 2979262
1624791856, 74, 8, 53, 28, 0, 25.41%, 0, 0, 3, 3063.72, 2994978
1624791861, 74, 14, 53, 28, 0, 25.41%, 0, 0, 3, 3103.30, 3010958
1624791866, 75, 5, 53, 28, 0, 25.41%, 0, 0, 3, 3074.89, 3027180
1624791871, 75, 14, 53, 28, 0, 25.41%, 0, 0, 3, 3093.82, 3043182
1624791876, 75, 8, 53, 28, 0, 25.41%, 0, 0, 3, 3206.93, 3059480
1624791881, 76, 1, 53, 28, 0, 25.41%, 0, 0, 3, 3053.91, 3074250
1624791886, 76, 8, 53, 28, 0, 25.41%, 0, 0, 3, 3164.42, 3090761
1624791892, 76, 8, 53, 28, 0, 25.41%, 0, 0, 3, 3098.82, 3106807
1624791897, 77, 14, 53, 28, 0, 25.41%, 0, 0, 3, 3173.43, 3122936
1624791902, 77, 8, 53, 28, 0, 25.41%, 0, 0, 3, 2978.90, 3137723
1624791907, 77, 8, 53, 28, 0, 25.41%, 0, 0, 3, 3042.52, 3153773
1624791912, 78, 8, 53, 28, 0, 25.41%, 0, 0, 3, 3022.07, 3169045
1624791917, 78, 0, 53, 28, 0, 25.41%, 0, 0, 3, 3010.93, 3184280
1624791922, 78, 8, 53, 28, 0, 25.41%, 0, 0, 3, 3024.22, 3200060
1624791927, 79, 8, 53, 28, 0, 25.41%, 0, 0, 3, 3190.83, 3216196
1624791932, 79, 8, 53, 28, 0, 25.41%, 0, 0, 3, 3029.08, 3231343
1624791937, 80, 8, 53, 28, 0, 25.41%, 0, 0, 3, 2967.94, 3246575
1624791942, 80, 6, 53, 28, 0, 25.41%, 0, 0, 3, 3253.23, 3263489
1624791947, 80, 8, 53, 27, 0, 25.41%, 0, 0, 3, 3234.85, 3279561
1624791952, 81, 8, 53, 27, 0, 25.41%, 0, 0, 3, 3068.54, 3294844
1624791958, 81, 8, 53, 27, 0, 25.41%, 0, 0, 3, 3137.14, 3311437
1624791963, 82, 0, 53, 27, 0, 25.41%, 0, 0, 3, 3261.76, 3327857
1624791968, 82, 8, 53, 27, 0, 25.41%, 0, 0, 3, 3079.90, 3343181
1624791973, 82, 8, 53, 27, 0, 25.41%, 0, 0, 3, 2927.78, 3357857
1624791978, 83, 8, 53, 27, 0, 25.41%, 0, 0, 3, 2958.85, 3372666
1624791983, 83, 8, 53, 27, 0, 25.41%, 0, 0, 3, 3193.24, 3389119
1624791988, 84, 0, 53, 27, 0, 25.41%, 0, 0, 3, 2986.44, 3404078
1624791993, 84, 8, 53, 27, 0, 25.41%, 0, 0, 3, 2971.87, 3418907
1624791998, 84, 8, 53, 27, 0, 25.41%, 0, 0, 3, 3090.84, 3434268
1624792003, 85, 8, 53, 27, 0, 25.41%, 0, 0, 3, 3031.21, 3449773
1624792008, 85, 8, 53, 27, 0, 25.41%, 0, 0, 3, 3192.30, 3465785
1624792013, 85, 8, 53, 27, 0, 25.41%, 0, 0, 3, 3038.24, 3481457
1624792018, 86, 14, 53, 27, 0, 25.41%, 0, 0, 3, 3051.46, 3497289
1624792023, 86, 0, 53, 27, 0, 25.41%, 0, 0, 3, 3016.98, 3512573
1624792028, 86, 14, 53, 27, 0, 25.41%, 0, 0, 3, 3142.81, 3528273
1624792033, 87, 8, 53, 27, 0, 25.41%, 0, 0, 3, 3011.99, 3543227
1624792039, 87, 8, 53, 27, 0, 25.41%, 0, 0, 3, 2963.70, 3558034
1624792044, 88, 26, 53, 27, 0, 25.41%, 0, 0, 3, 3153.43, 3573826
1624792049, 88, 8, 53, 27, 0, 25.41%, 0, 0, 3, 3052.09, 3589480
1624792054, 88, 8, 53, 27, 0, 25.41%, 0, 0, 3, 3054.67, 3604767
1624792059, 89, 8, 53, 27, 0, 25.41%, 0, 0, 3, 3130.51, 3620962
1624792064, 89, 8, 53, 27, 0, 25.41%, 0, 0, 3, 3157.21, 3637309
1624792069, 90, 8, 53, 27, 0, 25.41%, 0, 0, 3, 3057.65, 3652214
1624792074, 90, 8, 53, 27, 0, 25.41%, 0, 0, 3, 2978.80, 3667163
1624792079, 90, 0, 53, 27, 0, 25.41%, 0, 0, 3, 2966.16, 3682338
1624792084, 91, 8, 53, 27, 0, 25.41%, 0, 0, 3, 3018.75, 3697368
1624792089, 91, 14, 53, 27, 0, 25.41%, 0, 0, 3, 3220.51, 3713814
1624792095, 91, 8, 53, 27, 0, 25.41%, 0, 0, 3, 3236.75, 3730104
1624792100, 92, 8, 53, 27, 0, 25.41%, 0, 0, 3, 3021.09, 3745575
1624792105, 92, 28, 53, 27, 0, 25.41%, 0, 0, 3, 3327.49, 3762653
1624792110, 93, 8, 53, 27, 0, 25.41%, 0, 0, 3, 3273.18, 3778661
1624792115, 93, 8, 53, 27, 0, 25.41%, 0, 0, 3, 3030.43, 3793623
1624792120, 93, 8, 53, 27, 0, 25.41%, 0, 0, 3, 3109.58, 3809066
1624792125, 94, 14, 53, 27, 0, 25.41%, 0, 0, 3, 2964.42, 3824157
1624792130, 94, 8, 53, 27, 0, 25.41%, 0, 0, 3, 3075.58, 3839953
1624792135, 94, 6, 53, 27, 0, 25.41%, 0, 0, 3, 3176.14, 3856682
1624792140, 95, 8, 53, 27, 0, 25.41%, 0, 0, 3, 3252.74, 3873041
1624792145, 95, 8, 53, 27, 0, 25.41%, 0, 0, 3, 2969.27, 3887868
1624792150, 96, 14, 53, 27, 0, 25.41%, 0, 0, 3, 2935.46, 3902632
1624792155, 96, 8, 53, 27, 0, 25.41%, 0, 0, 3, 2987.98, 3917919
1624792161, 96, 28, 53, 27, 0, 25.41%, 0, 0, 3, 3190.66, 3934140
1624792166, 97, 8, 53, 27, 0, 25.41%, 0, 0, 3, 2922.36, 3948619
1624792171, 97, 8, 53, 27, 0, 25.41%, 0, 0, 3, 2961.87, 3963637
1624792176, 98, 8, 53, 27, 0, 25.41%, 0, 0, 3, 3114.95, 3979018
1624792181, 98, 28, 53, 27, 0, 25.41%, 0, 0, 3, 3174.75, 3994490
1624792186, 98, 28, 53, 27, 0, 25.41%, 0, 0, 3, 3044.11, 4009390
1624792191, 99, 8, 53, 27, 0, 25.41%, 0, 0, 3, 2978.19, 4024266
1624792196, 99, 8, 53, 27, 0, 25.41%, 0, 0, 3, 2925.28, 4038939
1624792201, 99, 1, 53, 27, 0, 25.41%, 0, 0, 3, 2979.93, 4053964
1624792206, 100, 8, 53, 27, 0, 25.41%, 0, 0, 3, 2969.30, 4069242
1624792211, 100, 0, 53, 27, 0, 25.41%, 0, 0, 3, 3089.67, 4084710
1624792216, 101, 28, 53, 27, 0, 25.41%, 0, 0, 3, 3156.89, 4100551
1624792221, 101, 8, 53, 27, 0, 25.41%, 0, 0, 3, 3065.82, 4116192
1624792226, 101, 8, 53, 27, 0, 25.41%, 0, 0, 3, 3123.12, 4131857
1624792231, 102, 8, 53, 27, 0, 25.41%, 0, 0, 3, 3085.20, 4147186
1624792237, 102, 8, 53, 27, 0, 25.41%, 0, 0, 3, 3063.67, 4163209
1624792242, 102, 8, 53, 27, 0, 25.41%, 0, 0, 3, 2888.31, 4177521
1624792247, 103, 1, 53, 27, 0, 25.41%, 0, 0, 3, 2962.72, 4192463
1624792252, 103, 8, 53, 27, 0, 25.41%, 0, 0, 3, 3048.93, 4207686
1624792257, 104, 8, 53, 27, 0, 25.41%, 0, 0, 3, 3025.46, 4223516
1624792262, 104, 8, 53, 27, 0, 25.41%, 0, 0, 3, 2961.01, 4238426
1624792267, 104, 1, 53, 27, 0, 25.41%, 0, 0, 3, 3162.29, 4254933
1624792272, 105, 28, 53, 27, 0, 25.41%, 0, 0, 3, 3213.27, 4271236
1624792277, 105, 14, 53, 27, 0, 25.41%, 0, 0, 3, 2971.62, 4286262
1624792282, 105, 8, 53, 27, 0, 25.41%, 0, 0, 3, 2843.38, 4300513
1624792288, 106, 8, 53, 27, 0, 25.41%, 0, 0, 3, 2950.91, 4315985
1624792293, 106, 8, 53, 27, 0, 25.41%, 0, 0, 3, 3109.85, 4331807
1624792298, 107, 8, 53, 27, 0, 25.41%, 0, 0, 3, 3043.64, 4346948
1624792303, 107, 8, 53, 27, 0, 25.41%, 0, 0, 3, 3222.48, 4363924
1624792308, 107, 8, 53, 27, 0, 25.41%, 0, 0, 3, 3055.43, 4379928
1624792313, 108, 8, 53, 27, 0, 25.41%, 0, 0, 3, 3043.34, 4395501
1624792318, 108, 8, 53, 27, 0, 25.41%, 0, 0, 3, 2966.78, 4410362
1624792323, 109, 33, 53, 27, 0, 25.41%, 0, 0, 3, 3373.99, 4426812
1624792328, 109, 5, 53, 27, 0, 25.41%, 0, 0, 3, 3112.38, 4442294
1624792333, 109, 8, 53, 27, 0, 25.41%, 0, 0, 3, 3102.67, 4458031
1624792338, 110, 8, 53, 27, 0, 25.41%, 0, 0, 3, 3115.80, 4473965
1624792344, 110, 28, 53, 27, 0, 25.41%, 0, 0, 3, 3165.02, 4489619
1624792349, 110, 8, 53, 27, 0, 25.41%, 0, 0, 3, 3001.19, 4504615
1624792354, 111, 8, 53, 27, 0, 25.41%, 0, 0, 3, 3020.27, 4519726
1624792359, 111, 8, 53, 27, 0, 25.41%, 0, 0, 3, 2990.69, 4535189
1624792364, 112, 8, 53, 27, 0, 25.41%, 0, 0, 3, 3074.93, 4551545
1624792369, 112, 8, 53, 27, 0, 25.41%, 0, 0, 3, 2933.59, 4566052
1624800263, 112, 8, 53, 27, 0, 25.41%, 0, 0, 3, 0.02, 4575612
1624800268, 113, 8, 53, 27, 0, 25.41%, 0, 0, 3, 2772.37, 4590419
1624800274, 113, 8, 53, 27, 0, 25.41%, 0, 0, 3, 2899.43, 4606082
1624800279, 113, 19, 53, 27, 0, 25.41%, 0, 0, 3, 2996.69, 4620785
1624800284, 114, 8, 53, 27, 0, 25.41%, 0, 0, 3, 2883.10, 4635093
1624800289, 114, 8, 53, 27, 0, 25.41%, 0, 0, 3, 2890.56, 4649649
1624800294, 115, 8, 53, 27, 0, 25.41%, 0, 0, 3, 3081.25, 4665454
1624800299, 115, 14, 53, 27, 0, 25.41%, 0, 0, 3, 3030.16, 4681621
1624800299, 115, 14, 53, 27, 0, 0.00%, 0, 0, 3, 0.00, 4682059
